> kmeans(z, 5)
K-means clustering with 5 clusters of sizes 16, 9, 3, 9, 1

Cluster means:
            A          B          C          D           E          F          G
1 -0,06889536 -0,6545263  0,8530437 -0,1069412  0,38423789  0,7574284  0,2817973
2 -0,42789285  1,1274500 -1,0092915  0,6826534 -0,03059205 -1,1145236 -0,1646110
3  2,54683228 -0,8040222  0,3441480 -0,3766946 -0,09942328  0,3948287  0,7271917
4 -0,42912871  0,3403921 -0,8104335 -0,8307255 -1,07608982 -0,3557775 -0,9951421
5  1,17502302 -0,3260911  1,6963824  4,1737923  4,11060044 -0,0706310  3,7474461

Clustering vector:
 [1] 3 1 1 1 3 1 1 1 1 1 3 1 1 4 5 1 1 1 1 1 4 2 4 2 1 4 2 4 2 2 4 2 4 4 4 2 2 2

Within cluster sum of squares by cluster:
[1] 29,525521 23,695914  7,276149 16,762240  0,000000
 (between_SS / total_SS =  70,2 %)

Available components:

[1] "cluster"      "centers"      "totss"        "withinss"     "tot,withinss" "betweenss"    "size"        
[8] "iter"         "ifault"  