  Comp.1 Comp.2 Comp.3 Comp.4 Comp.5 Comp.6 Comp.7
A  0,270  0,150  0,834  0,281  0,182 -0,312       
B -0,307 -0,473  0,251 -0,670        -0,412       
C  0,459  0,181 -0,263 -0,328  0,633 -0,144  0,398
D  0,286 -0,569 -0,122  0,351 -0,313 -0,221  0,556
E  0,469 -0,335 -0,237         0,107 -0,247 -0,729
F  0,324  0,482        -0,317 -0,652 -0,361       
G  0,465 -0,227  0,309 -0,365 -0,177  0,687       


               Comp.1 Comp.2 Comp.3 Comp.4 Comp.5 Comp.6 Comp.7
SS loadings     1,000  1,000  1,000  1,000  1,000  1,000  1,000
Proportion Var  0,143  0,143  0,143  0,143  0,143  0,143  0,143
Cumulative Var  0,143  0,286  0,429  0,571  0,714  0,857  1,000