Subátomos;Fila;Viagem;Resposta;Serviço
1a;27.7;18.2;45.8;41.6
1b;25.0;9.6;32.7;41.9
1c;7.3;7.4;14.5;38.2
1d;0.0;0.0;0.0;0.0
2a;23.0;10.0;33.0;40.0
2b;20.1;13.8;33.9;47.2
2c;10.9;9.4;19.2;51.3
2d;10.1;13.8;23.8;57.1
3a;46.3;12.3;66.0;47.7
3b;27.4;12.3;37.9;42.2
3c;10.8;8.2;18.5;37.6
3d;0.0;0.0;0.0;0.0
4a;35.4;19.5;46.6;28.7
4b;26.3;11.4;35.5;46.9
4c;9.0;8.5;16.4;52.0
4d;5.0;8.0;13.0;47.0
5a;16.7;12.3;29.0;50.0
5b;19.8;9.9;29.1;45.1
5c;8.3;5.5;13.2;42.6
5d;0.0;0.0;0.0;0.0
6a;28.5;18.0;70.0;30.0
6b;21.3;14.0;35.3;48.7
6c;8.8;6.1;14.1;48.8
6d;0.0;0.0;0.0;0.0